%YAML:1.0
Camera_Matrix: !!opencv-matrix
   rows: 3
   cols: 3
   dt: d
   data: [ 3.6397454943834481e+02, 0., 3.0599669335114777e+02, 0.,
       3.6397454943834481e+02, 2.6169065647313442e+02, 0., 0., 1. ]
