Distortion_Coefficients: !!opencv-matrix
   rows: 5
   cols: 1
   dt: d
   data: [ 2.1783520183839666e-02, -1.1761913362768303e-01,
       -2.1723461130195298e-03, -1.0794118973707422e-02,
       1.4759474821065829e-01 ]
