%YAML:1.0
calibration_Time: "Tue Feb 25 22:12:31 2014"
nrOfFrames: 25
image_Width: 640
image_Height: 480
board_Width: 9
board_Height: 6
square_Size: 25.
FixAspectRatio: 1.
flagValue: 2
Camera_Matrix: !!opencv-matrix
   rows: 3
   cols: 3
   dt: d
   data: [ 3.6397454943834481e+02, 0., 3.0599669335114777e+02, 0.,
       3.6397454943834481e+02, 2.6169065647313442e+02, 0., 0., 1. ]
Distortion_Coefficients: !!opencv-matrix
   rows: 5
   cols: 1
   dt: d
   data: [ 2.1783520183839666e-02, -1.1761913362768303e-01,
       -2.1723461130195298e-03, -1.0794118973707422e-02,
       1.4759474821065829e-01 ]
Avg_Reprojection_Error: 2.2903756699135014e-01
Per_View_Reprojection_Errors: !!opencv-matrix
   rows: 25
   cols: 1
   dt: f
   data: [ 2.12898225e-01, 2.10875824e-01, 2.13609725e-01,
       2.03790396e-01, 2.08599314e-01, 2.06920564e-01, 2.17042401e-01,
       2.09947124e-01, 2.39092395e-01, 2.21377134e-01, 2.21590146e-01,
       2.25956663e-01, 2.18339622e-01, 2.07933113e-01, 2.29986206e-01,
       2.38019228e-01, 2.43014976e-01, 2.43585318e-01, 2.43675619e-01,
       2.41541132e-01, 2.43850410e-01, 2.40201190e-01, 2.51436859e-01,
       2.53290474e-01, 2.63729572e-01 ]
Extrinsic_Parameters: !!opencv-matrix
   rows: 25
   cols: 6
   dt: d
   data: [ 5.4258674216475920e-02, -3.5366454991056590e-02,
       -2.8113679955304283e-02, -9.6551863580676610e+01,
       -5.2266815868763082e+01, 2.5166757513275672e+02,
       5.6113554515482097e-02, -3.6933255082943588e-02,
       -2.6529097585644472e-02, -9.3900681308844042e+01,
       -5.2401943849082485e+01, 2.5074651662454525e+02,
       5.7437315057145381e-02, -3.7840730622501074e-02,
       -2.4382170319751758e-02, -9.1068943708912528e+01,
       -5.2649779475206898e+01, 2.4998638244482970e+02,
       5.8081449748961858e-02, -3.7949650060714442e-02,
       -2.1758704564953334e-02, -8.8061920755707987e+01,
       -5.2983303252131762e+01, 2.4941369335395487e+02,
       5.9947045724231131e-02, -3.7321486095209001e-02,
       -1.8783301515170759e-02, -8.4929248333436263e+01,
       -5.3387571719448296e+01, 2.4889808418090635e+02,
       6.1079316838756982e-02, -3.5913532721170212e-02,
       -1.5716235466719707e-02, -8.1734681179196798e+01,
       -5.3858456653849778e+01, 2.4858843847777800e+02,
       6.5921289517574103e-02, -2.9737048428032254e-02,
       -6.5403378386613403e-03, -7.2422549924531850e+01,
       -5.5467953109337564e+01, 2.4790801449337624e+02,
       6.7428545372212753e-02, -2.9311914426207952e-02,
       -2.4809767963150380e-03, -6.9437940178516357e+01,
       -5.6152774298786376e+01, 2.4746926538851150e+02,
       6.7193801416640206e-02, -2.7654464246874576e-02,
       1.8287528821618704e-03, -6.6589142082532121e+01,
       -5.6946213644083635e+01, 2.4731849903907630e+02,
       6.7606729894070988e-02, -2.7926989183242986e-02,
       5.6559505827637885e-03, -6.3855721030439049e+01,
       -5.7606734827602843e+01, 2.4681022274728477e+02,
       6.7081203169399500e-02, -2.7219332125882272e-02,
       9.0541795079474401e-03, -6.1272658254145725e+01,
       -5.8179406195294234e+01, 2.4662126287703251e+02,
       6.5796962673954962e-02, -2.8519697008449047e-02,
       1.2797857238122160e-02, -5.8772423803454984e+01,
       -5.8788448766913007e+01, 2.4613804951587332e+02,
       6.5241334810177798e-02, -2.8759958322854808e-02,
       1.6372318258677174e-02, -5.6403997361808713e+01,
       -5.9293816658010265e+01, 2.4577878377949813e+02,
       6.3134523820270891e-02, -2.9340998185240011e-02,
       2.0634410998262451e-02, -5.4086508296908001e+01,
       -5.9909328817080194e+01, 2.4554505894185604e+02,
       6.1501696048696167e-02, -2.9718123980343108e-02,
       2.4876365821606454e-02, -5.1852525441774539e+01,
       -6.0519315268387047e+01, 2.4530626379670923e+02,
       5.9617790458886356e-02, -3.1061374434614649e-02,
       2.9204467956702191e-02, -4.9699866431031964e+01,
       -6.1116661355900931e+01, 2.4493204903533271e+02,
       5.3219807262472753e-02, -3.2445982556117858e-02,
       4.2168681998976318e-02, -4.4067939033795525e+01,
       -6.2813880973633779e+01, 2.4434090379951908e+02,
       5.1097744271540228e-02, -3.3055471129845880e-02,
       4.7111946532551033e-02, -4.2501507296937724e+01,
       -6.3361079037381351e+01, 2.4419275706476353e+02,
       4.7754671309886046e-02, -3.2055118415836553e-02,
       5.2262472417393721e-02, -4.1153630498537431e+01,
       -6.3888000876981955e+01, 2.4434987001470370e+02,
       4.5404585730146711e-02, -3.1189373230400427e-02,
       5.7326244393149477e-02, -4.0007948872452829e+01,
       -6.4331152699402651e+01, 2.4446591156604990e+02,
       4.2911820585505973e-02, -3.0515456411672685e-02,
       6.1939079847349622e-02, -3.9049222276873131e+01,
       -6.4701405768547190e+01, 2.4454898509316394e+02,
       4.0994010236781335e-02, -2.9675944152759325e-02,
       6.5683010614619383e-02, -3.8316827952935931e+01,
       -6.4985381956710938e+01, 2.4469169819307675e+02,
       3.4206390133683220e-02, -2.7671627554257592e-02,
       7.6305208010017167e-02, -3.7046652499606608e+01,
       -6.5503116700474408e+01, 2.4568980723588740e+02,
       3.3127620134462785e-02, -2.7646815704540296e-02,
       7.7694187685920152e-02, -3.7190623337563800e+01,
       -6.5500549236739758e+01, 2.4597572567272192e+02,
       3.2654825167817675e-02, -2.7154223350204759e-02,
       7.8741989834051007e-02, -3.7537461346845674e+01,
       -6.5486618193583084e+01, 2.4630229123354150e+02 ]
